example_data/mt_alpi/mtAlpi_hillshade.asc
ncols        213
nrows        260
xllcorner    580814.582700000028
yllcorner    4437207.710599999875
dx           27.275953521127
dy           27.275953076923
NODATA_value 0
[rows 135 to 179 of 260, columns 0 to 95 of 213]
0 138 200 198 195 197 201 196 189 191 190 186 186 190 193 195 194 189 185 190 197 196 197 196 191 183 169 161 160 163 169 167 166 169 172 181 187 189 192 199 192 178 176 175 171 166 166 170 177 180 175 167 171 168 178 205 216 214 208 194 182 188 200 206 200 196 202 202 185 177 176 173 166 165 168 173 173 168 168 176 171 152 152 160 156 165 155 133 131 119 105 97 78 102 135 127
0 138 190 185 188 193 195 192 188 186 182 182 185 191 194 195 194 189 186 190 195 193 189 182 174 167 160 164 167 170 178 176 177 183 182 182 184 188 191 193 186 186 190 180 166 162 164 172 180 182 175 169 175 189 179 194 211 211 202 200 196 198 201 209 212 217 215 206 186 190 192 183 178 177 178 182 175 159 150 154 157 155 163 164 157 162 145 129 129 112 109 116 101 115 138 129
0 137 178 170 172 173 174 175 175 173 166 171 178 184 186 184 180 171 168 171 178 181 179 171 160 155 156 159 156 161 172 175 179 185 184 179 181 187 188 184 186 193 189 173 167 173 176 184 188 187 181 180 183 206 192 193 195 196 191 194 194 199 197 200 207 215 214 210 202 204 195 183 181 177 181 189 182 165 149 147 155 160 167 168 168 170 156 137 114 89 92 113 101 99 121 113
0 137 171 161 161 161 159 164 169 166 163 171 174 173 169 160 158 159 161 164 174 179 170 157 155 163 170 168 167 182 188 183 180 181 179 175 181 186 183 175 181 183 169 160 167 178 181 187 189 185 181 181 183 211 197 203 206 206 203 202 203 212 208 213 215 215 215 213 205 198 182 169 165 161 167 171 162 158 151 157 162 162 164 160 164 172 172 151 115 98 107 115 86 74 89 86
0 137 159 155 161 167 169 175 172 166 171 175 170 166 156 145 152 162 166 174 188 183 160 154 157 162 165 165 176 194 194 187 186 185 182 180 184 185 181 171 174 174 166 164 164 164 168 180 183 181 180 178 178 203 182 177 185 201 215 197 178 200 214 215 221 223 221 217 204 198 190 181 179 178 185 186 178 178 164 164 161 151 152 155 161 160 161 153 130 134 150 146 107 88 99 95
0 137 153 157 163 169 168 168 168 172 177 173 168 164 158 156 164 168 165 174 189 183 169 166 163 163 163 169 184 190 185 181 181 182 176 172 175 176 171 164 170 176 176 170 166 162 172 186 184 179 176 173 181 207 181 155 163 192 215 205 183 196 215 216 221 223 222 218 201 187 174 170 177 180 183 174 165 172 169 181 185 179 181 180 179 174 180 174 158 174 168 141 119 117 121 92
0 137 146 150 158 164 160 164 172 168 163 160 161 161 161 161 166 170 168 172 181 177 163 161 169 174 176 180 182 176 171 166 165 168 162 161 169 173 163 155 164 180 184 178 173 171 178 182 179 180 177 175 188 208 194 176 175 187 199 209 204 204 218 223 230 233 230 216 179 158 155 166 180 184 175 161 152 154 156 180 191 181 174 171 171 173 184 171 149 163 156 151 155 150 124 84
0 66 27 160 166 174 173 182 186 174 169 164 159 161 160 156 160 168 169 173 183 176 158 165 177 179 182 185 182 173 167 159 154 157 161 171 178 174 164 162 176 187 183 177 174 172 175 181 185 188 185 184 192 204 197 186 177 177 185 200 198 203 215 219 229 231 223 206 172 169 180 192 200 196 186 182 178 172 163 172 175 163 154 144 143 146 146 128 121 137 143 157 167 154 109 77
0 67 93 167 177 184 181 180 181 176 174 168 172 178 171 168 175 183 182 187 200 191 173 168 158 156 159 168 175 170 164 157 156 165 173 178 175 166 165 173 184 182 170 166 165 166 171 188 197 194 188 185 190 206 207 193 176 171 181 200 194 194 203 198 189 185 189 193 185 190 197 202 199 188 179 173 168 169 169 170 173 181 176 167 162 157 146 137 144 152 149 146 142 132 93 71
0 138 137 158 167 173 171 169 171 168 171 175 185 185 177 173 180 191 190 195 201 184 167 157 152 162 163 174 182 176 174 171 173 183 188 178 163 161 171 176 178 175 173 177 176 170 174 194 201 193 185 182 185 206 213 207 184 169 170 170 165 170 176 156 133 136 161 178 180 191 206 211 201 188 171 160 161 166 170 172 175 166 157 167 169 158 154 159 157 145 138 140 143 134 107 85
0 138 137 154 158 161 166 170 175 179 182 180 177 176 175 170 174 184 185 190 188 167 151 147 156 173 175 182 182 176 181 182 183 188 187 174 168 177 185 187 184 184 186 191 187 180 185 197 198 185 174 174 177 197 202 199 185 160 153 156 158 161 167 155 139 147 158 159 171 193 209 211 204 198 182 176 177 173 175 176 172 154 143 146 146 147 150 143 126 119 130 143 145 137 127 93
0 138 137 163 164 164 167 168 168 176 176 169 172 177 179 176 180 191 190 182 171 159 154 152 155 163 168 173 177 180 181 176 172 172 175 171 174 185 187 183 185 189 188 191 187 184 191 197 197 187 178 183 186 193 194 197 198 182 167 168 172 166 156 155 170 188 192 186 196 205 213 214 212 201 178 175 172 166 171 173 169 158 140 130 138 147 146 136 132 144 152 150 139 146 145 86
0 138 138 170 172 175 176 171 171 180 180 179 182 183 185 184 188 198 191 176 164 162 165 162 166 174 177 186 196 192 181 174 172 174 182 179 175 178 175 175 186 191 188 192 190 186 188 197 204 199 196 203 204 203 209 204 199 192 183 186 188 187 180 179 199 209 218 217 215 215 217 214 207 178 144 143 146 151 166 178 177 164 149 146 154 151 153 159 158 164 158 145 132 149 146 91
0 138 138 174 175 176 176 174 179 190 190 185 183 184 188 186 187 186 173 161 158 168 172 163 171 185 185 193 197 181 174 179 183 182 187 183 176 178 180 186 193 194 196 201 197 189 188 202 209 205 204 208 208 204 214 202 182 164 158 164 171 187 208 214 218 210 198 197 210 214 216 207 195 165 139 153 160 169 180 190 185 174 167 156 159 160 158 151 144 147 144 142 138 153 159 138
0 138 138 180 171 169 175 175 185 195 190 180 178 176 178 181 178 168 159 159 168 179 177 168 174 183 184 191 184 171 180 189 184 177 182 178 169 173 179 182 185 192 195 194 189 186 191 204 208 201 199 201 202 203 214 210 193 184 171 160 163 179 201 210 220 219 203 202 215 220 215 200 188 152 126 148 157 169 183 187 173 165 161 158 181 190 178 167 170 172 170 172 174 188 187 170
0 138 138 175 161 167 178 180 193 202 195 187 182 175 176 178 167 158 161 170 181 187 182 173 172 176 180 178 171 173 181 182 176 174 182 180 175 181 185 185 191 199 196 186 181 183 187 198 201 191 195 202 208 212 218 213 205 214 208 190 170 171 206 226 226 224 222 225 226 225 218 203 188 160 133 139 145 150 148 139 135 138 137 146 169 173 168 172 176 167 167 174 173 185 185 175
0 138 138 168 165 177 187 190 200 206 199 192 185 179 185 180 163 159 167 173 178 181 176 167 171 183 184 171 174 181 176 173 174 175 182 185 183 188 193 198 202 207 205 197 195 199 199 206 203 197 208 215 214 206 202 203 211 225 223 192 154 147 174 210 218 215 216 220 218 213 214 209 193 177 139 132 157 159 147 131 132 136 133 138 143 142 135 129 128 124 125 129 136 157 172 186
0 138 137 163 166 179 188 188 196 202 196 190 182 176 181 177 171 173 179 182 184 185 178 171 180 193 186 176 183 184 183 187 184 174 180 188 184 185 193 202 206 211 209 200 201 205 204 207 209 215 221 215 202 186 186 195 202 212 209 185 155 143 147 166 196 219 224 224 221 212 206 195 175 152 113 118 153 156 153 151 157 154 146 153 158 157 133 108 110 113 115 118 127 150 167 178
0 138 138 166 164 172 178 175 188 195 186 177 167 163 168 169 168 169 174 175 174 176 176 177 185 189 181 179 188 189 192 196 188 177 188 197 188 186 195 205 210 215 210 199 197 196 192 194 207 218 214 199 187 180 188 195 195 195 190 193 189 164 152 139 150 191 215 216 220 215 204 184 163 146 128 130 142 144 152 162 177 173 162 169 170 155 123 108 118 112 108 108 100 105 126 153
0 138 138 165 162 164 166 171 195 201 185 170 156 155 160 160 151 147 152 159 161 165 170 172 173 173 174 176 182 185 187 188 181 177 193 200 188 186 197 207 208 210 206 197 197 194 190 191 206 211 199 186 181 183 191 196 192 185 186 199 203 178 167 154 146 162 186 198 211 216 207 183 166 159 138 115 119 141 173 188 196 191 173 176 172 149 123 123 127 115 113 117 116 121 140 156
0 138 138 154 150 155 162 175 197 199 179 166 159 160 159 155 149 151 162 169 170 177 179 172 168 169 175 172 167 169 174 179 178 179 192 195 188 188 200 210 210 209 201 190 191 192 194 197 208 204 187 179 181 188 194 197 193 191 201 207 204 187 188 208 198 180 181 199 215 219 204 184 171 168 128 89 114 149 182 197 202 189 166 173 176 164 152 148 141 141 150 163 182 204 211 189
0 138 137 146 148 164 178 187 198 193 167 158 160 161 158 158 162 170 181 181 179 182 177 171 172 174 175 168 163 171 178 181 181 185 192 193 189 189 201 209 210 208 200 193 196 201 203 202 206 196 178 179 187 190 193 191 189 196 208 210 207 192 192 213 216 207 204 208 216 215 200 187 179 181 120 83 136 170 192 198 197 183 176 192 201 197 193 163 148 167 174 181 191 204 212 202
0 138 138 156 172 188 194 196 201 194 169 162 166 163 158 164 174 181 184 177 175 171 161 160 167 172 173 173 179 190 192 187 185 188 189 196 198 197 205 208 204 203 200 198 202 205 202 197 198 191 186 192 193 190 192 187 183 192 203 202 180 169 179 202 209 212 212 205 200 211 207 188 178 176 105 91 161 183 196 202 199 190 187 196 202 203 201 144 121 166 177 180 181 174 173 165
0 138 138 161 188 201 207 208 207 194 172 171 176 167 160 168 176 176 171 167 170 163 156 165 176 181 183 185 192 197 194 189 190 193 200 212 213 206 208 207 200 199 200 198 200 198 193 190 192 193 197 205 205 201 198 191 188 198 205 198 179 174 176 198 202 196 200 208 203 207 195 173 159 136 80 95 153 170 186 198 197 196 197 199 196 189 183 119 101 157 180 191 192 187 184 172
0 138 138 162 193 204 210 206 192 178 172 175 176 170 167 176 177 167 157 163 172 171 177 190 195 195 193 191 198 199 192 190 195 206 220 227 218 205 205 201 196 199 199 193 191 188 185 183 186 191 196 205 204 196 189 185 187 195 192 181 189 185 180 192 188 181 186 203 213 210 185 162 142 116 81 95 135 163 184 192 190 199 208 200 189 179 171 111 99 151 170 179 182 182 184 179
0 138 138 172 203 212 208 191 173 176 185 183 178 177 177 182 183 173 166 176 186 190 198 202 200 201 198 199 207 206 200 204 214 226 229 224 209 195 195 194 192 196 194 188 183 176 174 170 175 180 184 190 185 174 171 176 185 192 190 186 195 177 163 159 164 182 190 191 189 195 177 150 130 114 85 98 141 175 190 188 186 190 187 168 157 149 138 105 106 140 149 147 142 135 133 125
0 138 138 188 208 209 196 173 163 181 197 194 189 185 180 179 179 172 173 190 201 202 201 197 197 202 200 202 208 207 201 212 224 225 218 206 192 182 182 185 185 186 186 184 177 172 169 168 177 181 178 174 165 163 169 180 191 194 197 209 221 182 147 145 166 184 187 180 175 183 159 133 125 109 77 101 148 171 175 176 181 181 166 145 142 135 124 119 113 117 124 120 123 122 120 111
0 138 138 195 197 190 173 155 156 180 194 191 188 184 177 171 172 172 179 194 200 198 196 197 202 209 210 209 210 207 205 217 217 206 200 194 189 180 179 184 187 188 192 192 183 179 177 181 190 191 185 183 179 178 181 191 199 201 211 226 233 205 156 138 151 164 167 175 183 187 159 139 125 95 76 116 162 179 184 190 195 192 175 152 141 134 131 127 108 103 113 116 131 138 137 126
0 138 138 185 180 172 165 160 165 183 187 183 178 167 158 153 162 173 183 193 198 195 198 202 206 213 212 206 205 208 211 212 200 190 186 184 180 174 178 186 191 192 201 202 191 187 187 191 197 196 193 196 197 196 194 199 201 201 210 217 218 213 181 141 140 167 183 185 186 189 163 142 121 93 91 128 165 186 194 195 194 190 174 149 132 125 114 108 95 92 107 120 131 135 139 130
0 138 137 165 158 155 156 154 155 170 174 166 158 150 147 143 154 169 178 189 197 196 203 208 205 204 195 189 190 199 202 193 188 181 172 173 174 173 182 190 195 196 204 201 189 185 184 186 194 199 198 199 200 202 203 205 201 196 200 205 209 206 194 182 174 192 200 171 166 172 144 128 117 101 98 112 140 163 173 178 177 164 135 108 104 98 84 85 76 79 104 116 117 117 116 105
0 138 137 155 144 143 149 152 158 172 169 155 147 144 148 149 165 183 188 193 198 198 206 209 201 194 185 184 188 197 194 184 184 178 175 188 191 189 193 196 197 198 203 199 189 185 183 185 198 205 205 206 204 203 203 204 202 201 204 207 210 204 194 196 184 175 171 178 184 187 168 155 143 117 104 122 158 182 178 165 165 149 114 96 95 84 78 80 75 88 109 108 107 102 98 93
0 139 138 177 163 163 167 173 179 181 174 165 158 155 161 169 185 197 195 195 195 194 204 205 193 186 182 184 186 190 188 182 182 179 181 197 201 199 199 195 192 192 194 192 187 185 186 192 200 205 210 207 201 200 198 202 204 203 203 204 205 203 204 186 155 134 144 177 181 167 135 133 139 112 99 127 167 187 175 176 188 171 142 136 132 124 122 123 123 132 122 99 96 88 103 117
0 139 139 195 187 188 189 189 185 177 174 173 170 170 173 178 189 195 192 192 189 185 191 191 181 177 180 184 184 189 194 192 191 188 188 200 203 200 194 186 188 194 199 196 187 188 192 194 197 210 215 201 194 196 197 207 212 204 205 210 211 205 204 190 166 158 170 180 166 137 110 121 135 116 109 131 155 163 155 168 176 162 139 128 119 114 110 113 126 136 120 112 123 119 148 162
0 139 139 200 194 191 193 193 187 180 181 176 172 175 177 183 190 189 188 190 189 184 183 180 176 181 188 192 193 202 205 199 197 196 193 196 197 196 189 188 201 208 210 203 195 199 199 197 202 215 213 202 200 200 202 214 214 198 199 203 201 193 198 208 217 207 199 204 201 200 197 194 189 167 148 145 151 149 136 131 126 121 106 91 76 68 72 88 110 116 103 99 116 120 137 147
0 139 139 199 189 180 182 183 178 174 173 170 176 186 188 194 197 192 191 193 192 188 192 195 195 200 203 202 201 210 211 204 202 196 191 191 203 210 204 206 216 221 221 213 210 214 213 212 211 213 206 204 211 210 214 220 210 191 190 187 180 180 207 214 224 226 222 218 212 219 233 227 213 183 156 131 122 124 118 119 116 107 88 73 67 72 94 113 124 115 95 89 95 92 98 114
0 139 139 187 172 161 162 163 162 164 171 178 189 194 190 192 195 193 193 195 193 188 191 200 206 207 203 197 197 207 210 205 202 193 188 199 220 225 217 218 225 228 230 228 226 226 224 223 221 218 212 208 206 206 214 218 206 190 184 181 182 188 211 206 214 224 231 221 219 227 241 226 205 176 159 116 87 107 122 129 125 116 100 92 95 108 123 116 110 104 99 102 97 95 94 102
0 139 138 169 154 154 165 170 172 184 195 198 200 197 191 192 201 206 201 200 197 191 189 204 212 206 198 194 199 211 214 210 205 198 199 210 221 219 211 214 218 217 222 226 221 217 211 228 236 213 211 218 208 201 202 203 199 194 192 197 202 207 217 203 204 212 225 225 230 231 230 193 167 151 143 92 64 106 137 149 155 155 152 146 139 134 123 102 100 110 116 108 92 94 91 93
0 139 138 159 160 176 189 191 192 203 207 205 206 201 198 207 224 227 214 212 211 205 208 224 221 202 196 199 208 224 230 224 219 216 216 219 225 224 217 218 219 217 227 231 220 218 216 239 240 193 183 198 200 200 197 197 197 195 194 209 219 224 229 204 191 199 227 236 231 215 198 145 119 112 111 76 66 116 142 155 169 172 173 167 150 127 106 89 101 121 121 113 103 107 115 107
0 139 137 168 189 202 203 198 198 204 206 205 204 203 208 222 236 232 215 214 216 215 219 228 218 202 205 213 220 234 240 230 224 223 222 223 235 238 230 231 232 230 237 237 230 232 233 240 231 186 176 191 198 203 208 209 205 199 197 213 218 216 227 203 189 193 218 228 225 212 188 103 87 95 104 85 82 125 144 153 160 158 158 148 131 114 95 94 111 125 118 110 114 127 134 96
0 139 138 192 209 208 203 198 198 197 203 206 201 204 214 228 232 221 206 206 212 215 215 219 213 209 221 227 225 234 237 226 221 224 227 232 240 239 231 230 233 230 228 228 226 227 229 227 223 206 193 194 198 209 215 215 214 210 208 216 214 217 236 220 199 191 212 218 207 199 177 101 122 140 148 135 120 143 154 156 170 175 160 126 113 109 104 118 129 128 127 127 129 137 128 73
0 139 139 216 219 209 203 199 198 195 204 208 204 209 218 223 219 209 199 203 212 215 213 221 224 223 231 231 228 233 224 214 217 221 227 234 236 235 231 230 233 229 226 231 229 224 220 216 212 206 196 187 185 195 205 208 212 210 206 208 216 233 243 229 202 186 198 195 176 180 177 121 150 159 158 150 124 131 147 145 162 170 155 142 149 144 141 141 140 133 147 163 156 160 124 55
0 139 139 225 228 213 206 204 205 203 212 213 209 217 223 219 215 207 201 208 215 218 219 230 235 228 229 230 230 232 226 222 225 226 229 231 229 229 230 230 231 228 225 226 224 217 213 214 212 209 198 180 171 174 191 201 208 207 199 202 216 231 229 214 204 192 184 168 168 190 201 138 136 136 131 122 97 103 128 131 140 136 135 152 166 165 160 145 137 129 143 165 159 160 113 57
0 139 140 228 225 203 199 201 202 198 207 212 208 214 217 213 210 204 204 212 217 221 224 236 235 221 221 225 226 226 229 229 229 230 233 234 231 229 225 226 225 223 215 212 214 210 210 214 213 211 194 169 162 172 193 205 211 203 189 200 220 230 226 217 205 201 199 189 196 200 199 145 133 140 137 127 105 107 129 135 132 123 133 141 147 157 157 142 127 109 115 135 125 112 86 77
0 139 140 236 228 206 205 206 205 201 208 214 212 212 207 205 201 200 204 210 212 213 218 227 222 205 209 213 214 215 222 227 230 232 233 230 228 228 224 225 221 215 203 200 208 210 214 218 213 203 179 161 166 180 193 200 205 197 188 202 217 225 230 230 206 197 205 214 223 219 196 142 129 136 135 126 101 101 119 120 112 111 132 142 147 148 138 124 115 93 104 125 105 93 92 111
0 139 140 231 225 211 212 214 214 210 213 218 217 213 209 203 194 203 212 212 211 215 221 223 213 197 201 202 202 205 215 222 223 225 225 219 217 217 213 220 216 204 193 193 205 209 210 206 195 180 166 167 174 181 187 191 198 198 198 210 217 219 225 226 208 198 209 223 231 221 185 130 114 110 109 101 84 94 116 116 116 121 134 138 134 128 124 125 126 97 105 120 103 109 122 129
