example_data/mt_alpi/mtAlpi_hillshade.asc
ncols        213
nrows        260
xllcorner    580814.582700000028
yllcorner    4437207.710599999875
dx           27.275953521127
dy           27.275953076923
NODATA_value 0
[rows 90 to 134 of 260, columns 0 to 95 of 213]
0 139 201 208 200 190 192 198 199 204 213 226 235 234 230 215 205 190 175 172 172 172 173 173 166 156 147 145 150 157 161 160 155 157 165 170 185 195 195 198 199 197 209 222 228 231 230 228 233 244 234 204 172 180 200 199 201 202 202 199 203 205 195 187 186 193 211 237 244 243 231 206 209 214 213 224 227 220 221 216 199 188 180 182 195 175 158 155 183 215 224 223 223 232 229 238
0 138 199 204 199 192 196 204 204 204 217 233 235 225 215 198 187 184 189 194 199 199 194 179 158 144 139 141 143 151 157 156 160 172 179 183 194 194 190 193 196 197 212 226 232 236 237 238 241 241 228 195 170 178 195 194 189 195 204 201 192 187 191 184 186 208 218 231 238 240 233 210 209 209 209 218 222 221 222 211 183 163 143 138 166 149 117 99 137 180 199 220 238 240 235 243
0 139 203 204 200 197 204 210 207 204 223 234 225 209 199 187 175 175 191 200 206 204 197 176 160 163 166 168 166 174 180 178 184 188 185 185 194 195 192 194 198 199 212 222 228 234 237 237 237 237 229 219 201 182 180 175 177 200 215 210 194 183 193 210 228 229 221 221 226 230 230 211 202 193 196 207 206 189 168 149 132 126 118 117 138 119 89 92 135 151 161 198 222 229 226 229
0 138 194 197 199 198 203 205 198 193 213 217 207 198 192 183 163 159 176 187 192 189 180 159 157 178 183 182 179 191 196 191 188 186 183 187 196 198 196 198 203 206 210 207 216 224 225 225 225 227 222 221 212 188 181 177 178 191 198 195 187 182 192 213 233 229 217 214 211 216 227 204 182 175 178 177 173 141 119 131 122 124 127 113 120 111 95 108 137 162 169 178 190 208 222 216
0 138 187 193 196 195 199 199 193 191 203 190 168 168 168 160 140 142 168 184 187 178 161 144 157 177 177 176 176 184 187 185 184 184 185 191 197 196 193 201 210 212 207 204 213 219 216 216 215 219 215 212 212 197 195 197 191 192 193 194 201 207 202 205 214 199 193 193 181 188 200 169 155 164 173 185 198 165 152 169 159 172 152 115 130 124 104 113 146 200 205 188 187 195 188 184
0 138 189 194 196 193 191 187 187 193 199 181 158 151 148 148 145 159 186 199 197 187 173 167 180 187 185 186 188 190 192 189 183 185 187 187 190 192 191 200 209 213 214 218 214 212 213 214 217 224 224 220 218 198 187 181 181 194 208 210 216 222 208 205 212 195 191 193 189 198 193 138 155 182 194 207 213 193 186 191 196 199 151 120 147 136 121 140 182 227 234 225 208 187 165 173
0 138 198 200 197 190 186 184 189 195 195 189 179 169 160 159 167 188 207 214 212 202 193 191 192 192 190 192 196 200 206 198 184 186 187 187 192 192 188 195 204 210 213 220 211 204 206 212 217 226 231 231 226 199 175 165 174 189 201 204 214 221 204 187 185 190 191 191 190 193 181 147 189 202 197 197 206 202 191 185 195 174 122 133 160 148 140 154 190 236 245 236 224 199 183 184
0 139 211 210 204 199 202 204 209 205 199 197 196 195 188 183 188 202 211 215 215 205 197 194 194 197 200 204 210 211 211 202 194 197 198 200 201 196 194 205 214 216 214 220 212 198 195 201 207 220 231 234 234 219 202 197 189 195 202 198 209 219 205 180 162 151 162 166 157 156 149 154 184 179 177 186 200 194 174 171 175 150 117 128 148 136 133 151 164 233 235 222 221 208 192 179
0 139 203 205 202 201 207 209 210 205 203 204 202 197 191 191 196 203 205 203 202 195 191 192 196 201 205 208 207 205 204 202 202 205 207 205 201 199 202 209 213 215 212 212 201 191 195 195 197 201 206 219 228 224 221 213 188 182 197 204 208 201 176 168 169 162 172 169 157 153 121 99 118 144 163 170 183 184 179 193 180 159 145 142 162 154 172 193 192 247 253 228 218 208 205 191
0 139 203 200 196 197 203 202 199 196 201 203 199 193 189 191 196 204 203 193 187 180 181 191 199 199 200 197 192 189 192 200 202 205 205 199 197 199 202 203 202 200 192 189 185 189 198 198 204 204 203 219 227 222 219 215 183 165 182 197 193 176 151 153 161 172 182 159 132 125 104 96 102 125 146 138 153 169 179 188 158 147 157 161 169 170 195 209 210 236 236 201 201 206 199 171
0 138 194 190 198 207 207 200 194 193 200 202 197 192 191 195 201 209 205 193 186 183 185 195 200 196 195 191 185 180 189 200 199 198 195 194 197 202 205 202 200 196 186 186 196 201 199 201 216 224 222 217 213 206 194 190 179 166 171 177 166 157 146 148 149 148 148 139 130 125 124 130 143 142 125 112 158 187 180 162 132 139 150 157 158 164 181 188 191 179 141 122 138 150 131 98
0 138 177 174 193 206 201 195 191 193 206 209 198 192 194 197 201 208 204 193 190 191 194 199 197 192 191 188 185 184 197 205 198 192 191 195 195 201 205 205 207 208 202 207 217 218 213 214 213 214 219 214 201 185 157 148 171 176 162 148 142 145 149 159 155 130 122 133 138 127 113 121 161 166 136 129 171 188 151 122 106 119 132 150 152 150 150 151 150 119 100 97 94 88 67 61
0 138 182 182 197 199 190 188 190 194 206 204 191 193 200 205 208 211 205 191 187 189 192 193 195 193 188 189 191 192 204 208 197 194 196 196 193 199 206 206 206 208 207 215 221 221 221 221 214 212 216 217 206 194 173 153 161 176 159 125 122 139 161 180 164 136 142 131 105 90 109 138 146 140 144 153 166 156 108 96 99 113 115 110 106 105 116 127 123 103 103 104 100 100 88 92
0 138 179 185 199 198 192 194 196 199 198 188 182 192 203 210 209 210 205 191 189 192 192 191 195 191 186 190 190 190 206 208 197 197 197 194 190 196 203 204 204 207 210 219 222 218 216 216 217 219 218 216 210 211 212 200 169 163 173 171 170 177 177 167 152 128 116 102 89 92 132 147 131 119 118 130 140 115 73 74 89 104 93 76 75 80 98 98 86 75 79 86 94 106 106 107
0 138 188 195 202 204 202 201 200 200 193 188 185 192 199 202 199 201 198 187 185 187 188 188 192 191 189 192 192 196 208 206 196 194 188 184 183 192 203 207 207 212 216 224 225 219 216 214 218 221 219 220 221 224 224 223 194 168 185 203 190 172 166 180 186 167 146 148 156 167 182 182 173 166 146 120 111 94 68 78 103 115 97 82 80 82 86 73 63 55 60 78 91 92 81 71
0 138 201 205 210 211 204 197 194 190 187 192 195 195 191 183 179 183 184 180 183 186 188 187 191 193 189 190 190 191 200 200 194 190 181 181 186 201 207 200 198 204 209 214 215 217 219 216 217 220 224 231 236 239 240 236 224 196 188 172 153 133 126 147 170 177 187 191 178 178 190 186 169 164 161 157 162 156 143 155 171 171 149 126 118 122 103 70 67 71 90 109 99 79 63 58
0 138 203 208 212 206 192 189 189 188 186 190 193 188 178 171 170 177 186 189 194 194 191 186 187 189 185 185 186 188 194 193 188 184 179 182 190 199 199 192 190 194 196 193 194 200 205 213 220 226 232 244 250 252 253 252 246 214 187 157 154 153 139 131 125 112 135 155 143 131 137 141 134 139 156 176 185 179 171 176 178 166 142 112 101 109 98 96 121 130 139 135 116 101 99 103
0 138 204 208 207 194 184 187 190 192 192 193 189 181 177 183 187 197 202 197 194 189 184 181 184 189 189 190 194 196 196 192 185 180 180 183 188 191 192 192 194 195 190 180 184 190 193 211 224 231 234 246 253 254 254 251 250 230 200 179 182 177 170 164 145 117 127 140 138 125 132 151 161 178 188 182 163 151 146 153 147 118 97 70 63 76 92 127 145 140 128 107 92 83 90 99
0 138 203 195 186 179 178 184 191 194 193 194 191 185 187 195 197 202 200 192 185 177 172 173 186 195 197 198 196 193 188 190 188 182 180 179 181 188 194 194 195 192 182 169 184 198 202 215 224 232 224 233 247 248 247 246 248 245 233 224 216 203 194 181 165 160 160 144 133 142 166 176 183 196 200 189 166 157 152 144 127 106 97 71 67 89 108 112 91 78 60 35 31 41 58 68
0 138 199 189 182 178 175 181 192 196 194 195 196 194 197 203 205 207 204 195 185 178 175 180 195 202 202 200 194 190 186 192 189 180 173 171 178 193 199 189 183 177 169 168 195 208 210 216 217 221 213 218 234 233 235 243 246 246 246 244 239 235 233 223 211 216 212 194 184 193 201 195 188 191 189 176 157 154 151 136 116 105 97 73 69 89 98 90 66 52 38 27 49 81 93 99
0 139 195 188 180 177 178 187 198 198 193 196 199 195 196 202 203 203 200 189 179 177 182 192 206 209 202 195 188 185 187 194 192 183 179 182 191 204 204 187 186 184 177 184 204 207 210 211 198 193 180 174 198 215 222 230 232 237 243 246 248 250 248 245 241 238 231 226 223 223 217 206 187 181 178 173 161 162 163 147 127 113 98 73 75 99 110 102 86 82 74 75 108 120 108 113
0 139 190 189 183 185 189 193 201 198 190 193 194 186 188 191 190 187 185 178 167 170 180 190 204 206 193 186 179 178 179 185 186 180 179 185 194 200 196 182 185 183 180 193 208 209 215 215 205 202 183 171 193 210 213 220 218 227 239 246 249 248 243 234 232 231 232 236 232 226 219 210 200 197 187 172 160 165 168 148 128 115 95 77 92 122 130 117 106 110 107 118 138 130 119 128
0 138 183 189 191 198 199 197 199 196 191 197 196 185 184 184 185 185 188 184 175 181 188 192 201 197 184 182 177 175 175 184 186 180 183 191 197 195 188 182 182 175 173 188 206 212 214 218 218 216 219 205 206 218 222 223 218 225 231 237 238 235 225 215 220 225 229 233 229 228 224 218 208 203 191 173 157 163 166 146 126 107 92 97 122 139 129 108 99 109 116 132 151 145 137 142
0 138 185 191 194 198 196 195 197 196 195 202 200 188 187 189 193 197 204 200 191 197 203 205 211 203 189 186 181 181 182 194 199 196 200 202 204 198 197 195 188 181 180 183 191 195 199 207 212 210 212 202 201 208 208 201 193 208 217 225 227 223 214 216 225 225 222 222 221 225 222 210 207 208 203 191 178 185 162 111 97 94 103 123 141 147 135 120 116 130 136 143 153 143 130 127
0 138 197 197 200 202 197 197 201 201 198 200 199 190 189 193 198 204 208 205 199 203 209 209 209 199 189 186 184 187 189 199 201 200 203 200 200 196 198 193 182 179 182 188 195 196 203 204 205 203 202 196 198 193 180 165 168 197 213 230 236 229 217 220 229 231 226 221 218 223 220 206 200 192 181 172 165 167 134 105 124 128 140 153 167 170 157 144 140 153 156 155 150 127 115 110
0 139 207 202 202 203 200 200 204 202 197 195 194 189 189 195 201 203 204 203 196 195 199 199 194 188 184 184 186 188 188 196 200 200 199 196 192 188 189 187 180 178 185 192 206 210 210 204 196 189 185 179 179 170 165 163 176 186 188 210 229 228 226 232 235 233 224 221 218 213 206 197 176 141 122 114 112 114 110 126 155 157 159 161 169 169 156 150 156 166 161 161 152 131 125 122
0 138 204 200 196 196 195 192 196 195 190 191 195 196 194 201 204 201 206 204 191 185 185 184 181 183 187 185 184 184 186 198 204 199 193 186 180 176 180 179 172 178 187 187 208 219 214 198 186 184 182 171 163 153 161 167 180 185 184 196 211 217 223 226 222 208 190 190 184 169 160 156 143 122 117 116 109 106 110 119 130 136 141 143 156 156 144 146 156 155 145 157 156 145 144 138
0 138 200 194 188 192 197 194 197 198 195 196 202 199 194 198 197 195 204 203 187 183 181 182 183 194 201 194 188 187 190 203 205 197 190 181 177 176 185 187 181 187 191 193 209 214 212 206 198 195 192 183 176 177 187 190 194 201 202 194 187 193 192 180 172 146 126 130 114 101 105 117 123 125 135 140 131 125 124 130 136 139 143 150 166 163 148 145 147 140 139 160 169 163 152 137
0 138 195 192 193 199 202 199 201 204 205 204 205 200 195 198 195 194 200 195 181 181 184 189 194 204 207 196 191 192 195 203 203 196 192 187 187 187 199 205 197 198 204 215 221 219 214 216 214 208 201 197 198 205 208 207 205 201 195 183 162 156 152 135 133 123 123 120 102 104 117 141 153 154 158 154 147 146 148 155 158 157 152 149 156 154 141 144 157 155 154 173 179 162 144 136
0 137 181 188 195 203 204 200 203 208 211 206 206 205 201 199 192 188 195 195 188 187 192 198 203 210 206 192 189 193 196 202 203 197 191 188 190 190 202 206 193 194 208 217 219 224 221 218 216 210 207 202 198 200 200 202 210 204 191 174 137 115 107 108 133 151 149 136 143 170 186 199 204 193 179 163 151 144 149 158 161 161 156 149 145 137 129 144 163 160 161 172 165 145 138 133
0 137 178 184 192 203 206 206 210 208 204 198 200 203 198 193 187 187 198 201 193 191 194 200 205 209 205 194 194 196 197 201 204 197 186 184 188 190 200 199 186 193 208 212 206 212 218 219 218 213 213 208 203 206 208 214 218 215 198 154 104 95 88 92 125 154 162 170 185 200 208 212 210 195 181 172 165 158 164 168 163 155 146 147 158 161 161 173 174 161 164 162 147 143 142 128
0 137 179 185 195 201 200 201 202 195 192 192 197 199 193 191 190 191 195 194 187 185 188 192 195 199 197 191 192 191 194 201 203 194 183 185 186 189 198 197 193 199 204 199 192 200 204 205 204 208 217 215 210 208 209 218 220 214 200 170 150 157 153 155 166 183 199 208 212 215 219 219 214 195 183 189 192 189 198 198 187 177 167 168 180 180 179 178 160 149 155 148 135 142 139 123
0 138 199 206 204 195 189 189 185 177 180 185 189 190 186 186 186 187 188 189 187 186 188 189 189 196 201 196 193 191 197 202 199 190 184 188 191 195 204 204 196 193 190 184 180 186 183 173 173 187 203 203 190 178 177 184 185 173 169 165 161 166 173 186 194 201 209 215 221 225 227 225 221 201 190 200 200 195 203 206 197 195 199 201 198 181 173 169 152 149 159 144 124 136 135 119
0 139 215 215 201 183 180 182 174 167 171 173 175 178 177 180 181 180 184 192 195 195 196 195 195 203 205 199 193 192 197 199 197 194 190 193 199 205 213 206 193 191 194 198 196 195 181 158 150 160 179 186 177 167 158 151 140 122 111 107 109 118 128 145 161 180 198 214 227 232 225 221 223 209 204 212 203 195 206 214 210 209 208 203 193 181 177 178 169 167 180 156 135 153 146 126
0 139 207 200 186 181 187 186 176 171 172 171 174 179 181 183 178 178 186 199 205 203 202 200 201 206 203 193 186 187 193 195 199 198 195 199 205 207 209 204 198 201 207 210 203 198 183 170 164 161 166 171 173 169 156 143 126 98 93 104 115 134 151 162 173 189 201 207 216 220 212 214 217 210 213 214 204 204 217 222 218 213 206 202 197 190 181 185 188 188 190 151 138 160 147 140
0 138 195 189 184 189 196 196 189 182 183 182 187 192 192 191 184 185 193 207 211 207 207 205 204 206 202 194 189 192 196 200 202 197 196 200 202 200 199 199 199 202 206 202 191 181 178 184 192 183 162 148 151 161 156 144 128 109 128 140 141 164 194 206 201 200 210 210 207 210 211 208 196 199 209 208 204 207 212 210 208 204 204 212 212 200 193 206 204 192 188 153 148 164 154 155
0 139 195 189 184 188 198 202 196 191 193 193 201 206 202 196 188 187 192 207 211 205 205 203 201 199 196 195 197 200 201 202 202 198 195 194 194 194 194 193 186 183 185 180 174 172 180 190 194 185 163 149 160 173 169 164 154 147 167 176 179 198 221 230 225 212 216 222 220 214 209 201 199 205 210 211 207 202 204 206 205 206 212 218 213 206 208 216 199 188 193 157 155 177 172 176
0 139 200 199 194 198 208 209 200 195 194 194 205 215 211 203 198 198 206 219 216 203 198 195 193 191 196 200 199 201 199 196 198 197 191 189 193 194 195 191 174 166 166 165 170 175 181 185 184 179 168 162 172 175 163 156 142 146 166 176 196 220 234 242 239 226 223 226 221 207 193 187 201 208 203 196 189 186 196 203 205 207 210 211 211 212 212 211 190 182 184 154 163 181 177 185
0 140 203 206 204 209 217 215 206 199 193 194 206 215 216 210 207 208 214 218 212 202 197 195 195 196 203 204 200 202 197 191 194 193 188 191 193 190 188 183 175 179 181 182 186 184 183 184 187 193 181 161 157 158 143 134 129 143 156 181 215 235 243 250 246 235 228 222 214 202 185 173 185 191 179 167 165 172 189 198 194 191 193 200 205 207 205 202 181 165 172 167 173 178 174 175
0 139 197 197 195 202 211 210 202 194 190 196 200 209 213 203 198 198 199 200 198 192 190 193 194 195 202 205 203 204 196 187 189 187 180 181 182 180 180 178 178 185 190 191 189 184 180 181 185 188 184 187 185 188 180 177 182 189 192 203 215 229 235 240 235 228 221 212 207 195 179 174 181 171 149 145 152 167 189 193 174 168 173 182 186 194 200 191 175 166 178 177 160 157 156 154
0 138 189 185 187 198 205 202 197 196 198 198 197 210 204 181 175 176 182 191 193 186 186 189 190 196 207 208 201 196 187 181 185 182 173 173 179 184 182 178 179 184 187 185 179 174 170 170 170 167 169 183 187 193 199 206 216 223 220 207 206 218 221 222 216 218 217 214 210 200 192 195 202 191 157 139 141 148 164 166 153 156 156 153 155 180 196 185 185 175 173 171 137 132 150 155
0 138 184 180 189 202 211 212 210 212 210 201 199 210 195 173 169 167 174 183 180 176 180 182 189 203 213 209 197 191 186 179 183 178 167 172 182 184 181 184 191 192 190 184 178 174 173 175 174 176 175 168 167 174 188 200 210 217 213 202 203 213 204 201 205 216 221 218 211 203 199 200 200 187 164 169 180 177 177 174 169 172 175 176 180 199 205 187 186 171 162 158 117 120 160 164
0 138 182 183 194 204 216 219 215 214 210 200 194 202 194 185 184 185 190 191 184 182 187 191 198 206 210 202 190 186 182 173 176 169 161 169 172 166 163 177 186 181 177 176 177 175 177 180 181 183 183 182 177 167 175 193 204 206 206 195 189 190 181 180 189 194 194 199 198 191 180 174 172 153 140 163 180 179 177 176 180 179 184 186 188 199 205 189 182 168 157 147 114 122 163 159
0 138 185 187 193 198 208 211 202 201 200 191 187 196 200 200 203 202 200 199 196 197 201 203 204 202 193 175 159 158 157 158 167 164 156 159 159 154 152 164 172 170 171 175 176 171 172 171 169 174 175 170 177 165 164 172 186 200 206 194 186 186 186 190 193 184 173 181 183 179 169 169 170 158 150 158 164 166 162 163 161 157 161 162 165 180 190 181 175 166 149 130 105 121 163 159
0 138 191 193 193 196 204 202 191 190 190 184 183 190 196 201 203 196 190 192 197 199 200 200 196 187 169 147 134 136 142 149 161 164 160 166 172 174 175 185 184 175 175 176 174 169 166 163 163 169 171 164 172 163 176 186 190 202 207 190 177 182 190 192 190 185 186 189 180 172 171 178 174 163 166 180 186 184 178 177 165 147 150 166 175 182 176 158 147 134 120 109 88 107 149 147
