example_data/mt_alpi/mtAlpi_hillshade.asc
ncols        213
nrows        260
xllcorner    580814.582700000028
yllcorner    4437207.710599999875
dx           27.275953521127
dy           27.275953076923
NODATA_value 0
[rows 90 to 134 of 260, columns 96 to 191 of 213]
237 209 178 133 136 178 159 160 226 236 229 231 226 219 212 195 204 231 224 144 102 133 136 118 115 54 68 126 100 80 69 72 72 90 112 115 120 140 126 105 121 122 128 125 101 77 101 145 146 152 163 151 140 156 154 152 166 172 136 109 118 116 111 104 107 123 139 140 140 146 158 153 147 160 166 165 166 166 151 147 157 158 158 158 149 137 127 118 112 106 110 127 145 153 157 177
241 225 213 168 149 171 152 164 227 236 234 223 210 212 202 195 209 226 208 104 69 120 141 141 136 61 65 117 87 71 80 98 83 84 100 100 109 123 87 65 90 100 109 107 90 70 108 161 158 161 164 151 134 145 144 143 164 159 101 83 114 127 126 121 133 124 122 139 147 159 169 153 143 156 159 158 160 161 148 148 157 155 156 155 140 128 122 114 111 112 126 145 148 144 150 167
222 203 193 186 180 177 148 159 203 224 234 215 196 198 200 208 217 216 190 89 53 110 132 127 123 58 58 103 79 80 111 126 81 75 101 104 115 119 76 64 101 95 83 80 77 73 110 151 151 157 158 155 134 139 148 142 155 146 82 79 129 134 128 126 128 96 103 141 159 169 166 143 138 152 150 153 158 160 151 151 157 157 159 151 126 110 108 108 115 126 137 140 129 123 131 136
204 188 185 190 190 169 150 159 166 184 208 197 190 178 165 161 172 180 178 72 31 101 112 109 122 72 54 75 73 93 119 120 72 73 102 106 116 112 83 77 103 89 88 105 104 94 113 142 146 152 152 147 125 130 152 142 143 146 84 87 140 133 129 115 102 85 115 159 165 164 152 130 130 141 142 155 162 158 146 146 156 157 152 142 124 115 122 132 140 143 134 116 107 113 122 120
184 175 164 155 145 139 141 148 148 171 203 202 202 194 167 150 156 159 162 46 23 112 118 137 157 85 41 67 96 119 118 113 73 71 94 97 108 97 87 72 81 102 121 138 127 102 109 137 146 153 148 143 125 122 146 139 132 140 78 82 138 135 135 109 99 103 131 162 156 147 139 127 131 143 150 163 163 154 147 152 156 148 143 139 132 124 134 151 151 146 133 118 116 124 131 136
175 162 152 136 122 121 117 127 152 172 196 186 196 219 210 191 174 158 145 33 25 120 136 164 163 94 47 72 113 120 113 121 86 80 104 109 120 112 117 99 110 153 160 157 141 109 107 129 130 135 140 143 128 128 155 146 133 140 84 86 135 127 121 96 96 112 132 153 144 137 147 149 150 158 167 174 169 162 158 157 153 148 150 144 135 128 143 157 144 134 131 131 141 150 152 157
162 121 102 84 77 75 76 99 129 149 158 157 180 211 210 194 194 190 149 31 37 134 153 165 150 108 54 76 140 130 122 132 103 103 127 133 142 135 146 140 143 169 178 173 155 116 109 131 128 140 146 152 149 144 160 149 137 139 107 106 129 125 119 106 105 109 127 152 144 136 155 169 163 165 179 182 178 177 167 157 159 160 158 149 142 144 158 162 137 123 135 153 172 178 172 161
138 81 63 60 68 76 84 95 98 101 109 120 137 168 185 183 195 201 159 35 36 123 148 156 138 117 67 96 167 151 143 150 125 124 139 142 144 143 164 161 151 161 179 182 149 100 100 130 147 173 178 185 182 158 156 149 145 147 139 121 121 133 127 130 120 107 127 159 154 145 163 178 164 161 178 173 170 172 162 160 165 162 160 151 142 141 146 142 124 130 160 179 190 183 170 167
151 106 103 120 137 148 149 147 132 99 84 94 114 147 172 186 193 155 57 1 1 61 93 126 130 131 102 127 174 164 152 155 133 124 139 140 143 153 165 148 138 143 156 162 125 104 115 130 159 176 182 197 192 155 147 156 159 154 150 126 125 140 134 140 129 106 126 168 164 159 171 174 161 169 183 176 172 166 155 155 153 150 148 140 128 116 116 119 120 139 159 167 170 163 158 171
130 106 123 148 156 157 152 151 141 120 134 159 163 177 193 205 194 106 3 1 22 73 94 127 152 144 116 140 174 166 144 150 125 114 145 148 157 165 162 153 156 145 143 151 125 134 132 128 167 178 183 193 176 142 148 163 159 149 146 130 137 152 138 129 124 104 126 177 177 175 176 162 152 170 176 167 161 158 159 157 151 147 146 140 125 106 116 131 135 146 148 150 156 155 156 167
76 71 93 106 104 103 103 106 105 109 139 161 156 167 163 131 100 50 11 19 64 107 159 188 195 148 118 143 167 147 122 134 123 127 152 149 165 173 166 168 168 145 147 165 159 157 139 146 185 191 183 182 153 137 163 165 156 149 144 131 140 152 132 115 113 103 131 181 184 181 178 156 142 156 152 139 142 152 162 161 153 147 153 155 136 121 138 158 158 157 146 142 151 150 145 149
67 69 69 56 52 62 77 90 94 92 86 83 87 101 109 91 67 49 25 18 54 118 175 179 143 136 129 155 169 142 119 132 148 139 132 125 154 168 151 149 140 125 136 147 152 159 156 181 205 196 171 163 134 135 168 161 159 153 154 139 131 137 121 109 110 117 138 167 172 171 169 154 128 140 149 135 144 156 161 155 146 144 156 155 139 128 136 155 157 153 141 139 150 147 138 135
90 70 53 41 48 65 79 81 81 82 82 83 85 95 120 136 138 106 54 47 74 140 170 137 119 140 162 177 179 150 135 157 171 136 124 135 162 172 152 144 135 134 140 140 153 167 154 181 201 171 144 133 106 112 142 142 149 165 177 138 123 142 125 118 133 147 137 141 162 167 171 168 126 132 153 144 164 170 162 147 142 148 151 142 130 121 131 149 151 148 145 149 152 148 143 141
82 56 56 65 83 96 93 92 105 118 126 125 113 110 106 100 94 61 55 83 94 154 192 171 186 197 200 184 166 143 146 171 170 138 137 155 171 179 173 161 160 159 154 162 177 177 145 161 183 149 145 141 112 106 122 139 150 178 177 110 105 131 109 117 146 148 119 109 151 181 184 180 132 132 160 162 181 181 167 146 144 150 142 134 131 127 139 157 164 162 158 157 149 151 153 151
55 56 79 95 104 105 97 99 108 110 109 98 80 77 70 62 52 51 90 108 107 163 194 191 206 228 211 178 159 146 158 179 177 148 139 152 176 186 178 171 172 166 156 166 184 185 139 138 180 158 189 192 146 112 118 155 164 188 174 110 110 135 122 137 158 157 127 102 146 180 172 162 120 121 149 155 164 161 152 139 139 143 136 136 139 135 146 161 167 163 155 152 145 155 162 157
57 75 96 99 94 96 100 105 104 90 76 59 52 64 77 85 83 79 90 88 86 127 157 177 195 207 198 177 160 158 176 197 200 162 140 163 197 197 179 179 172 169 165 162 183 195 128 115 169 178 224 219 165 113 109 161 184 190 182 128 128 163 157 161 167 171 144 117 149 172 162 156 129 129 152 152 154 154 143 128 131 144 147 149 148 146 161 170 168 158 144 145 146 161 176 172
106 106 102 96 88 98 107 112 113 99 82 70 70 86 104 107 85 62 57 56 54 76 94 108 125 139 147 146 152 165 186 204 211 177 151 182 200 192 183 178 155 154 169 162 183 198 134 141 179 180 211 217 195 134 100 145 186 179 171 118 118 181 178 167 154 150 125 118 149 161 165 162 143 143 160 157 156 162 144 122 137 161 159 164 162 164 176 176 174 162 149 154 158 169 185 171
107 110 126 133 123 138 143 148 151 139 132 128 128 108 84 68 48 42 37 29 33 66 90 92 89 91 103 119 140 154 170 188 203 201 182 191 184 177 185 177 153 160 182 179 191 190 160 180 196 178 175 187 215 161 102 124 171 182 171 115 110 185 189 167 152 138 108 125 159 163 171 155 142 140 151 167 165 160 142 124 150 175 167 176 173 175 180 174 173 161 154 161 160 166 179 165
80 101 130 137 131 143 140 140 136 122 120 118 119 96 96 110 106 113 99 88 111 150 167 160 140 98 70 91 119 126 149 173 188 201 202 186 164 168 181 189 170 163 177 178 197 188 180 197 200 173 159 168 201 180 133 129 164 177 161 129 113 156 177 171 173 143 97 119 171 184 177 151 144 132 150 190 176 157 151 137 153 176 175 185 183 178 167 162 165 159 163 172 164 166 179 173
109 116 119 111 107 112 108 95 80 69 63 56 55 60 96 132 144 148 129 133 155 151 123 98 89 70 86 146 170 165 180 190 195 200 196 163 150 178 187 199 168 158 177 175 202 203 175 172 191 174 171 170 179 181 159 144 177 166 132 144 120 135 162 171 187 154 93 107 169 178 157 151 154 116 137 191 168 163 164 146 154 171 175 185 185 172 151 156 163 156 164 170 153 154 173 167
120 117 111 99 98 107 110 87 76 77 64 58 68 85 101 108 110 105 98 105 98 67 35 19 23 46 111 173 178 173 188 189 182 180 173 153 159 189 189 181 142 150 178 167 192 211 161 130 165 178 181 168 179 175 167 164 179 161 131 149 129 133 154 161 175 158 91 98 157 150 134 154 170 110 116 168 154 160 161 145 159 167 162 176 185 173 153 166 168 154 156 151 133 141 157 150
134 120 98 89 93 99 92 70 79 96 90 95 115 129 127 116 104 98 100 92 56 27 18 27 51 66 73 96 102 93 110 122 122 133 137 144 163 178 173 163 141 154 175 166 178 195 162 127 154 191 179 150 180 165 157 164 145 141 147 137 103 122 164 161 153 152 108 109 153 142 128 142 169 120 114 154 147 154 157 161 171 167 149 173 198 174 161 164 153 146 143 128 116 124 129 127
144 114 92 102 108 101 84 82 106 121 115 119 135 137 119 97 82 68 54 41 24 28 45 64 84 88 82 91 87 78 86 80 77 89 98 116 132 140 155 170 165 173 193 192 188 198 192 165 170 189 167 160 198 171 152 155 127 139 157 128 87 124 179 153 126 132 109 107 137 122 93 93 147 141 125 153 156 160 165 181 180 173 147 171 193 159 151 140 128 133 129 118 119 119 113 118
128 99 86 113 121 117 114 124 129 124 117 120 129 129 109 85 68 53 50 49 51 70 93 106 106 100 95 102 94 82 72 63 68 68 72 83 86 90 109 132 152 170 189 192 185 193 198 184 180 185 167 177 204 177 160 167 163 170 173 153 112 129 166 134 114 122 118 106 118 108 86 90 144 142 113 135 156 149 141 156 157 163 134 144 160 143 130 122 130 126 122 128 143 135 123 132
114 98 101 136 144 147 143 123 104 100 101 99 98 95 68 46 41 47 62 67 71 75 77 73 78 85 86 95 90 74 59 64 74 66 74 82 69 71 92 118 145 167 177 183 186 195 197 183 177 189 181 175 191 163 156 179 182 176 165 153 107 117 157 150 147 157 153 113 112 131 116 117 143 134 124 149 163 148 136 141 142 147 114 118 142 143 121 116 132 112 111 129 140 122 124 152
125 124 136 160 167 158 135 107 98 96 81 70 68 63 36 30 47 64 74 70 74 74 66 64 79 86 76 77 83 84 79 80 80 59 68 78 64 74 107 140 157 163 161 174 193 202 197 183 179 192 188 172 170 148 148 177 181 165 153 148 93 97 151 152 151 163 157 93 87 132 124 139 155 126 132 166 172 168 156 140 127 124 104 110 133 137 117 105 117 110 124 146 143 110 113 150
132 139 153 163 167 148 129 123 120 117 107 105 108 103 81 93 120 96 73 80 96 87 80 98 114 103 81 87 89 77 69 73 89 97 110 97 80 99 126 135 129 130 136 152 173 187 180 170 169 174 175 162 141 142 128 137 155 140 129 121 65 66 134 147 136 143 146 85 82 131 136 160 174 114 117 162 162 163 154 134 94 90 116 124 135 136 132 115 118 134 152 155 141 105 107 143
127 125 134 148 156 145 138 137 117 104 109 119 124 115 94 102 114 78 86 138 153 128 125 149 155 150 150 168 155 110 87 81 89 103 118 116 115 121 113 83 47 59 93 119 135 138 128 126 131 132 138 138 129 130 86 86 122 114 99 78 33 47 123 134 117 116 120 81 82 117 121 143 161 93 95 149 148 151 146 131 67 73 145 133 130 137 135 113 118 156 161 149 144 108 103 142
128 118 131 156 161 151 142 139 98 76 95 103 103 90 64 61 62 58 100 146 141 114 117 142 146 143 144 143 139 141 159 160 152 146 150 159 170 162 149 122 77 90 93 81 83 73 63 80 103 109 117 122 106 70 29 47 93 87 73 56 39 78 132 120 101 97 105 91 68 73 94 127 145 93 79 118 135 125 126 122 54 70 136 109 111 114 105 107 121 153 158 149 148 98 87 140
121 109 135 171 167 152 132 115 69 66 101 103 109 105 75 66 70 68 78 84 77 65 69 88 89 79 72 64 79 105 133 159 172 174 168 162 158 153 162 153 130 168 163 137 127 114 116 139 149 139 140 143 112 38 11 55 90 70 62 60 68 103 122 111 103 102 113 89 48 68 108 121 119 95 66 87 125 109 116 119 55 61 102 77 88 86 85 109 110 124 143 137 111 66 79 134
114 100 126 161 151 134 115 93 60 67 86 89 104 97 72 69 79 80 83 79 69 62 72 98 103 83 74 72 95 99 98 113 111 97 90 83 70 72 78 55 41 105 153 161 152 142 143 154 153 142 143 145 99 25 37 106 112 97 98 99 108 115 118 121 114 105 117 84 56 98 122 108 98 98 63 76 133 114 106 104 34 31 70 58 74 72 78 92 85 107 118 84 48 44 76 92
117 107 130 163 147 136 132 113 73 72 88 95 102 86 79 67 69 87 99 100 88 80 89 107 105 87 80 80 103 107 109 119 104 87 89 83 58 59 62 50 55 94 90 77 83 75 90 116 119 108 115 99 33 7 50 103 102 97 106 117 129 114 105 122 117 104 117 83 64 101 110 96 98 113 74 78 131 110 89 74 16 24 70 60 63 67 82 82 77 98 82 47 43 61 67 55
121 131 153 171 160 166 169 143 80 82 121 124 125 108 108 80 72 99 103 103 104 106 109 104 84 74 80 92 117 117 108 94 76 77 89 77 50 49 49 52 67 86 70 56 57 75 123 137 132 124 105 49 4 19 48 65 71 76 94 104 107 88 91 126 119 103 110 74 60 88 87 77 91 117 82 81 126 110 81 63 29 47 91 66 57 73 97 83 69 85 72 61 72 80 61 51
135 156 162 164 173 183 178 153 94 99 144 146 148 133 136 105 92 113 102 102 108 106 106 100 83 84 101 112 119 110 99 87 75 76 73 56 43 34 36 44 44 72 93 93 89 108 134 138 142 129 76 28 29 63 64 69 87 97 108 108 111 99 107 136 124 104 97 65 64 76 65 67 82 98 81 92 128 105 80 80 70 77 91 67 64 87 112 83 61 94 102 96 95 107 83 74
154 164 157 154 174 174 164 146 94 95 138 154 157 140 139 107 89 106 98 104 105 91 94 99 95 103 103 89 95 99 98 105 109 107 93 92 96 81 94 98 91 116 134 143 148 144 137 133 121 75 33 41 80 99 76 74 96 101 104 104 111 106 123 144 130 110 94 74 75 71 62 81 102 107 90 104 122 93 71 75 83 70 72 85 83 99 120 73 54 102 119 113 120 142 97 71
164 170 158 151 161 152 145 137 86 86 125 141 146 129 126 82 71 98 93 102 112 104 103 110 111 112 97 81 93 100 98 94 91 92 94 122 137 127 142 145 141 147 140 122 119 127 120 95 79 59 46 75 99 107 83 66 80 82 87 93 99 108 136 134 115 101 90 98 97 76 83 109 130 128 100 106 102 74 56 60 67 45 61 108 102 113 133 72 56 107 120 119 125 129 72 54
181 179 151 135 142 134 136 137 90 81 108 121 134 126 120 66 62 98 93 107 121 116 116 139 146 142 135 130 144 147 143 142 140 107 69 91 108 100 109 116 118 124 115 98 102 100 80 60 65 70 66 86 91 97 62 27 47 67 78 87 99 111 117 97 89 83 83 102 83 63 92 112 119 124 86 87 90 66 58 57 62 51 67 108 102 115 133 65 59 122 132 131 118 102 64 66
183 176 134 114 132 131 134 128 97 79 93 110 124 117 107 55 53 99 101 108 107 97 92 126 147 141 140 142 158 166 167 167 155 110 100 147 159 153 151 155 155 161 162 162 166 132 71 56 65 52 40 67 80 68 32 15 48 86 100 101 100 97 85 67 61 57 72 83 43 34 72 86 95 114 65 46 59 48 55 52 64 60 71 99 81 87 96 44 59 128 124 116 92 85 63 68
172 171 113 97 133 131 127 120 116 85 72 92 98 92 85 46 53 107 111 91 63 57 61 94 112 102 105 105 116 123 119 109 97 90 123 161 146 121 118 127 135 142 140 134 127 113 109 133 140 123 116 138 137 105 86 72 93 124 118 104 88 79 70 64 59 54 66 55 15 28 60 60 68 69 12 1 14 22 37 46 59 43 47 64 48 55 69 54 71 111 96 85 71 82 67 74
163 168 96 87 130 123 123 127 134 81 53 79 88 89 84 55 66 101 88 50 27 54 79 103 105 90 97 99 110 119 113 108 111 113 112 113 95 75 72 71 75 74 77 72 62 73 98 115 128 145 148 136 112 91 88 72 90 128 132 126 111 113 114 117 114 103 106 74 42 52 43 33 30 12 1 1 21 40 54 63 67 28 24 46 41 57 81 84 65 64 60 56 59 82 71 82
158 149 80 85 132 121 125 132 130 75 51 72 85 97 97 70 69 64 34 20 34 76 87 97 103 100 109 107 110 114 109 105 106 107 110 123 123 111 96 82 79 73 92 99 77 63 53 43 73 98 78 64 54 41 40 42 65 93 99 93 87 105 112 112 103 92 93 72 58 56 49 64 59 37 25 43 81 97 105 108 84 20 21 52 54 78 94 83 37 26 42 51 67 92 86 100
149 124 75 90 130 114 128 136 119 75 56 76 90 104 110 74 50 32 22 40 67 86 80 98 120 132 140 126 113 112 110 105 101 98 100 114 117 103 88 80 85 86 106 105 72 59 49 46 70 62 27 35 44 37 37 29 34 37 30 26 29 49 55 53 45 41 43 33 21 26 46 60 52 42 60 64 73 105 112 109 73 25 41 75 87 112 115 99 55 46 73 88 93 108 109 123
138 117 85 101 134 127 145 138 115 74 53 77 83 101 120 91 39 17 39 78 105 109 81 99 132 135 127 108 101 109 117 117 116 120 123 128 119 101 92 90 96 100 114 90 50 65 70 56 51 37 20 25 24 19 18 8 6 1 1 1 3 28 43 48 40 38 42 40 21 13 19 14 18 30 57 51 49 86 94 86 59 26 40 76 97 115 109 97 60 57 92 107 105 116 124 130
139 118 86 105 146 145 147 122 110 75 65 89 85 100 107 100 35 21 79 116 131 110 67 95 131 116 103 99 112 119 119 111 113 130 133 131 121 104 101 97 95 98 111 93 67 89 90 77 83 76 61 50 41 38 41 30 14 3 1 19 34 39 50 57 52 51 48 42 11 2 28 40 66 95 115 73 47 78 85 73 54 27 31 62 80 89 85 74 40 48 87 95 99 128 140 126
128 104 87 114 145 141 134 100 91 66 58 86 94 100 97 111 43 31 109 147 137 92 65 107 139 113 106 118 128 123 123 120 123 131 122 116 110 105 109 106 106 107 109 99 98 104 73 69 88 80 57 36 32 26 25 8 1 1 12 19 21 25 45 58 59 55 50 41 3 5 49 72 105 128 127 55 33 78 90 90 90 58 37 64 90 98 97 85 52 62 94 92 117 152 151 110
