example_data/mt_alpi/mtAlpi_hillshade.asc
ncols        213
nrows        260
xllcorner    580814.582700000028
yllcorner    4437207.710599999875
dx           27.275953521127
dy           27.275953076923
NODATA_value 0
[rows 0 to 44 of 260, columns 96 to 191 of 213]
0 0 0 0 0 0 0 0 0 0 0 0 0 0 0 0 0 0 0 0 0 0 0 0 0 0 0 0 0 0 0 0 0 0 0 0 0 0 0 0 0 0 0 0 0 0 0 0 0 0 0 0 0 0 0 0 0 0 0 0 0 0 0 0 0 0 0 0 0 0 0 0 0 0 0 0 0 0 0 0 0 0 0 0 0 0 0 0 0 0 0 0 0 0 0 0
133 134 135 135 135 135 135 135 135 135 135 135 135 136 136 136 136 136 136 136 135 135 135 135 135 135 135 135 135 135 135 136 137 136 136 135 135 135 135 135 135 135 135 135 135 135 136 136 136 136 135 136 136 136 136 136 137 137 137 136 137 136 136 137 137 138 138 138 173 201 213 173 133 137 154 154 156 159 170 185 188 185 186 184 186 202 218 229 236 232 229 228 225 231 233 235
110 138 169 184 189 174 149 143 144 149 160 175 190 199 205 207 209 212 208 197 189 189 190 183 163 170 193 197 187 166 165 192 199 186 170 152 147 132 133 151 150 155 158 150 144 151 157 151 155 160 156 175 188 175 170 178 188 194 188 188 197 203 210 217 234 246 250 249 247 238 203 158 135 142 152 149 150 160 178 186 186 184 188 194 200 214 227 233 229 216 214 218 219 220 222 224
99 134 162 172 179 155 135 142 147 157 171 181 188 198 208 206 204 206 205 199 192 191 183 168 146 161 186 185 177 159 163 189 196 186 173 157 149 147 152 159 158 165 167 158 148 151 159 160 166 169 171 183 190 177 168 178 187 197 199 203 211 216 220 224 244 251 250 246 239 217 165 130 122 124 124 128 141 158 172 175 181 188 194 203 210 217 228 233 227 213 217 225 221 218 216 214
99 123 146 160 170 150 134 143 153 168 182 185 187 199 203 198 196 197 199 194 187 179 165 152 132 149 175 175 168 155 159 179 193 194 183 169 167 172 162 160 170 174 173 170 158 155 168 173 179 180 184 189 189 177 170 182 190 200 206 210 216 221 229 232 247 249 245 234 215 181 127 111 119 114 116 130 140 147 162 168 171 179 183 190 192 195 205 201 188 180 196 209 213 218 218 214
80 117 148 168 176 153 129 143 164 179 193 198 199 207 205 198 196 198 201 195 186 172 159 155 139 148 171 175 166 154 157 170 186 187 179 175 177 177 163 168 183 180 177 179 159 148 166 174 183 189 190 185 177 170 172 182 187 204 215 217 221 228 235 233 242 240 227 198 171 141 101 113 132 127 141 153 144 139 155 162 161 170 176 183 184 184 182 169 158 163 179 180 179 184 184 181
92 139 167 179 177 148 133 164 185 195 204 207 212 220 215 207 204 201 201 196 185 170 162 157 142 147 167 176 170 160 164 180 193 191 184 181 177 171 161 168 176 170 168 171 149 135 156 169 186 194 187 174 170 173 176 179 188 217 227 225 230 234 234 228 232 225 203 175 155 125 99 112 121 126 145 150 131 130 147 155 159 170 175 174 169 159 151 147 150 163 181 183 177 170 159 152
123 149 167 172 167 152 163 195 200 202 206 208 221 223 213 207 201 198 199 196 186 173 163 153 149 158 170 178 180 178 185 203 211 205 197 192 185 179 169 170 171 165 164 164 142 135 160 173 189 189 171 161 171 179 177 174 189 212 216 215 226 233 231 224 227 216 187 158 135 116 107 98 101 118 129 126 115 124 147 162 169 173 174 172 164 149 144 151 160 167 180 187 189 183 167 157
135 153 165 168 165 169 192 208 201 197 199 204 217 215 211 205 195 196 201 201 196 180 166 165 172 177 180 189 197 197 199 210 212 202 194 188 178 176 166 163 165 159 157 156 145 151 175 184 193 186 167 162 173 182 179 181 197 212 219 222 228 229 221 211 214 206 183 162 139 135 132 109 106 111 107 103 108 122 143 167 172 169 171 171 163 153 160 174 177 179 187 191 187 180 170 166
162 171 174 173 173 187 206 208 196 191 192 202 214 216 213 203 193 196 202 204 200 180 171 179 185 185 185 195 201 202 202 202 196 184 175 164 153 150 139 137 147 146 147 155 158 169 184 190 192 182 173 168 177 190 193 200 212 226 238 239 234 229 217 206 205 192 169 156 136 127 119 99 102 127 137 134 140 140 153 181 181 178 185 179 165 158 171 179 175 179 194 195 183 175 172 175
172 179 186 186 186 202 217 215 202 193 196 206 213 212 209 201 197 200 204 201 192 178 176 180 184 181 183 195 195 195 195 190 181 168 153 139 135 139 132 133 151 152 151 162 170 176 186 195 195 190 188 176 181 195 198 202 211 224 234 235 230 229 217 202 186 156 130 120 109 99 99 89 99 138 155 153 151 138 144 166 168 175 182 179 171 167 180 179 178 192 199 196 192 190 187 179
178 189 199 196 191 205 217 214 203 194 200 206 208 211 211 206 202 201 199 188 180 178 180 181 179 172 174 181 177 177 180 179 165 148 143 139 142 149 143 146 164 160 157 169 177 179 186 200 203 202 195 168 166 185 191 196 206 216 225 228 228 224 209 197 161 123 117 118 111 103 112 112 115 132 135 132 127 117 131 150 152 160 166 168 164 160 174 174 179 192 188 189 195 191 185 168
184 196 204 201 194 205 208 202 192 183 190 191 194 199 202 200 194 188 182 171 168 172 175 174 170 165 166 171 168 168 171 167 138 122 132 139 151 159 155 160 175 170 169 180 187 189 195 206 204 196 185 145 139 177 191 197 207 216 231 239 236 224 207 194 140 115 138 138 131 122 130 127 123 134 133 128 119 122 147 162 168 176 176 171 156 144 153 154 157 161 156 164 166 152 144 141
190 202 208 202 188 191 195 196 190 184 188 187 189 188 189 190 182 173 171 162 160 167 164 160 160 154 156 167 165 164 165 153 124 121 139 148 160 162 154 160 172 171 177 185 192 193 194 196 188 179 173 136 135 186 200 206 216 224 239 244 235 216 193 174 130 124 148 147 142 134 140 134 127 132 135 140 139 150 169 175 180 186 181 173 159 147 150 152 150 149 145 151 146 123 115 114
211 213 209 196 183 187 199 203 199 198 200 197 200 197 193 195 187 181 182 171 163 167 163 164 165 152 152 160 157 159 163 152 132 137 152 163 171 165 151 158 172 172 176 179 184 187 184 179 175 171 171 152 153 193 207 215 225 229 238 237 223 199 173 156 137 110 107 127 129 127 134 124 119 131 148 168 178 181 176 169 170 169 165 164 151 138 141 150 154 152 148 154 144 119 111 104
215 206 199 195 195 202 216 217 210 207 206 202 208 208 203 203 196 190 190 175 161 163 163 167 165 150 149 160 159 162 164 156 144 148 160 172 180 173 162 168 179 174 169 171 175 179 178 173 172 172 173 166 168 198 215 221 226 228 237 232 208 176 149 135 115 67 70 119 128 131 130 111 108 129 153 172 183 170 136 128 138 144 148 147 135 129 137 148 150 144 143 152 141 118 113 107
211 199 200 202 203 205 215 216 207 199 198 199 209 213 206 199 194 190 187 169 153 158 163 168 162 144 149 166 166 168 169 164 154 156 172 182 190 185 177 182 191 186 181 185 187 189 182 173 173 179 184 180 178 196 208 211 214 216 227 223 196 164 144 128 92 53 81 138 139 134 130 114 118 140 154 162 158 128 89 101 127 134 139 140 137 136 140 147 143 141 145 155 150 134 128 119
213 206 206 201 197 196 204 204 191 187 188 185 191 197 192 185 180 176 174 159 147 152 161 167 159 148 158 169 163 166 166 166 157 157 176 185 193 190 186 194 203 202 198 196 196 196 190 186 188 195 197 188 179 189 200 205 211 215 227 221 184 144 124 111 81 70 115 156 151 147 151 134 138 162 172 175 141 98 79 104 137 134 130 133 135 134 141 148 148 156 162 162 153 140 132 125
215 204 199 196 194 191 197 194 182 180 180 175 174 174 172 170 163 162 164 150 140 147 160 164 159 161 167 171 169 169 166 161 155 159 179 190 198 194 192 202 206 204 200 196 194 189 187 188 189 193 193 182 177 192 207 215 221 229 235 210 142 95 81 81 75 81 126 157 154 153 151 125 119 137 147 149 118 110 118 134 164 165 163 165 163 162 170 164 158 163 166 162 154 142 134 135
209 196 194 200 202 203 207 199 188 183 181 180 179 178 175 169 162 165 169 154 151 161 166 170 171 177 174 172 172 172 170 165 161 169 189 200 202 197 197 202 199 194 193 189 184 174 172 177 176 183 183 179 180 191 210 222 231 238 229 179 113 92 95 102 93 82 110 134 129 126 118 106 108 132 146 141 132 144 145 147 170 180 183 181 175 174 178 168 165 176 180 177 174 168 162 164
202 194 194 200 203 204 204 198 192 194 200 200 195 195 195 187 177 177 176 162 161 168 170 179 182 183 172 162 166 171 171 172 172 185 203 202 201 200 198 200 195 186 184 180 175 166 161 168 175 182 181 181 181 196 221 231 238 236 214 158 117 120 129 130 118 102 117 132 124 124 128 144 162 184 196 192 185 180 158 152 174 184 181 173 167 165 168 163 164 178 179 172 168 163 157 159
203 201 200 205 206 204 197 193 194 200 204 200 194 195 201 194 183 180 175 159 151 160 170 178 181 178 164 157 172 182 181 184 181 187 200 194 198 202 198 200 195 186 184 180 173 167 156 162 179 184 184 183 184 203 222 228 229 219 193 142 107 122 138 143 139 126 143 168 166 169 185 201 207 209 211 209 203 195 164 159 189 197 195 191 184 179 173 160 153 156 155 156 154 145 137 138
207 203 203 208 208 202 193 195 207 216 214 206 201 211 217 204 190 182 173 158 152 163 167 168 171 166 154 153 171 180 180 182 178 184 193 193 200 200 195 194 187 180 179 174 174 172 156 165 186 189 186 183 191 212 225 226 222 204 172 111 79 112 139 149 155 150 168 192 194 202 221 225 218 213 209 206 198 189 160 160 191 194 191 188 178 174 168 155 151 158 168 175 168 153 144 140
207 203 201 200 192 185 191 208 220 221 216 208 206 220 221 203 189 174 163 156 155 161 163 165 165 162 153 158 178 183 180 177 177 182 183 186 193 189 186 183 174 169 169 166 170 170 155 167 185 183 176 179 203 222 226 217 198 167 131 76 71 120 145 162 177 175 188 206 209 217 225 225 213 202 196 194 189 178 161 164 189 192 184 181 174 173 175 168 168 178 186 186 171 149 137 136
205 203 198 193 187 189 200 212 215 212 205 199 202 215 211 186 167 152 146 148 149 150 157 162 163 166 163 174 197 195 188 184 182 182 185 194 198 190 187 180 172 168 164 159 160 160 147 158 175 171 163 174 205 214 208 195 158 120 97 69 85 136 165 189 200 194 199 213 216 222 221 214 196 182 181 184 178 163 162 168 180 186 178 176 176 176 180 177 175 177 174 167 148 123 116 124
212 209 200 199 201 208 211 212 209 203 196 195 205 215 207 174 152 143 138 148 156 152 153 160 170 179 179 190 207 196 181 180 184 190 200 207 200 189 184 177 171 165 156 154 156 156 144 154 170 163 163 182 207 205 192 176 138 120 126 104 115 157 184 200 200 191 187 196 210 218 212 198 178 169 178 181 175 165 168 175 181 185 175 169 171 171 174 165 157 159 149 134 115 98 104 121
225 221 215 216 217 219 219 222 217 205 200 204 211 212 200 167 152 151 147 162 170 162 171 187 199 204 197 201 206 185 164 171 182 191 201 202 192 180 176 174 171 164 157 156 157 159 152 160 172 170 184 202 213 207 185 159 132 132 143 128 145 189 211 217 209 195 182 189 207 207 193 181 163 158 169 170 167 160 158 172 183 183 171 163 160 165 170 158 152 154 145 136 119 106 115 126
226 228 222 221 222 223 223 223 218 211 211 216 216 214 202 169 158 161 160 175 181 180 196 209 215 211 195 189 187 169 152 160 175 187 196 196 192 184 185 189 182 171 164 161 166 174 171 176 186 190 199 204 203 194 170 144 135 136 149 154 178 216 230 230 217 198 191 202 212 205 188 177 158 152 165 166 169 167 168 178 180 168 162 150 136 154 164 157 156 161 160 162 149 139 146 148
215 229 230 225 224 221 220 218 216 212 210 213 215 216 201 170 162 166 171 183 187 192 203 209 209 200 186 175 177 173 161 174 192 198 198 198 197 191 190 189 172 162 162 157 165 176 175 180 191 196 198 196 190 179 153 136 141 154 180 195 213 231 237 229 207 193 198 210 213 206 195 185 167 165 180 181 187 189 190 179 170 169 167 145 128 157 166 161 163 168 171 174 161 154 164 167
220 231 230 216 209 202 203 205 207 205 200 203 209 215 205 177 167 171 178 181 179 187 197 196 191 183 176 168 178 188 181 192 203 203 205 207 203 190 176 163 143 145 155 154 165 177 172 174 184 183 180 181 185 173 151 150 168 189 208 221 229 231 232 221 203 202 208 214 212 199 189 184 170 175 192 192 193 194 194 162 149 170 167 142 135 164 166 167 173 173 174 173 157 151 161 163
233 235 217 197 190 187 190 195 202 202 199 204 212 216 203 172 159 163 168 164 163 178 187 182 178 171 163 165 182 197 190 189 194 193 198 200 192 173 149 135 126 135 148 153 167 179 180 182 187 182 179 187 189 169 160 175 195 214 222 231 233 225 223 214 206 210 208 209 209 195 184 180 174 187 201 197 189 190 191 153 140 162 153 137 148 173 169 171 177 171 169 170 160 155 163 163
228 223 207 194 186 187 187 197 209 209 207 211 218 214 192 163 152 156 161 162 167 178 181 173 171 165 164 175 186 195 180 168 178 178 181 182 174 156 133 131 131 140 156 162 170 180 186 186 192 195 193 193 184 167 177 203 218 225 226 230 229 222 217 210 210 216 212 210 209 194 184 178 176 186 196 192 180 181 186 152 132 144 142 150 174 190 175 172 174 163 161 169 160 155 163 161
207 200 190 174 170 178 187 204 212 204 201 201 201 195 184 171 163 169 174 180 178 177 175 167 169 169 171 178 184 190 175 165 177 178 180 179 170 152 133 137 140 148 167 172 173 179 181 178 193 203 192 184 181 184 205 224 228 227 224 223 228 227 216 210 212 216 215 210 199 183 178 173 171 176 185 184 169 168 174 148 128 140 153 176 193 196 173 163 162 156 160 168 155 147 151 146
172 167 160 151 158 170 180 195 196 189 190 186 183 180 178 173 169 172 173 181 168 159 168 175 188 186 180 177 179 188 184 177 185 186 176 174 170 150 137 147 152 159 178 181 179 185 190 189 199 199 180 172 177 193 209 216 217 213 207 206 226 233 214 207 209 211 212 201 180 167 166 163 162 163 171 170 152 150 161 148 139 155 173 193 202 198 167 148 151 156 165 171 161 145 139 140
159 156 147 133 137 144 144 159 174 182 189 182 179 178 186 184 174 168 161 163 148 150 174 188 194 186 181 176 184 196 193 188 189 188 177 181 178 157 156 169 167 167 186 190 192 199 202 199 198 190 174 169 177 194 204 207 209 202 196 200 225 226 197 189 190 196 200 187 163 154 154 153 156 154 162 166 153 154 161 154 154 168 176 188 199 190 147 131 145 152 159 164 161 134 127 147
169 173 165 148 146 149 152 175 193 197 195 184 178 181 197 201 188 176 167 162 153 162 181 188 188 184 187 184 190 202 196 191 193 195 183 182 177 167 171 177 166 169 189 189 195 204 201 192 186 182 180 180 189 202 211 210 203 197 201 214 231 222 192 187 192 201 200 180 159 157 160 157 159 152 156 162 152 153 158 161 163 164 162 167 175 163 125 125 147 149 153 165 165 127 124 156
168 173 178 182 190 199 208 220 215 203 191 182 183 192 207 211 197 181 172 167 167 172 183 192 195 191 190 184 184 193 191 187 195 194 164 152 151 153 164 169 166 174 189 187 198 208 201 184 175 176 179 181 185 194 201 196 192 197 207 219 229 222 203 202 207 213 204 171 154 159 160 159 160 151 156 168 159 155 162 170 164 156 160 164 160 149 125 126 145 140 145 166 162 116 121 152
181 183 194 200 205 212 221 224 218 206 193 190 194 203 214 212 194 174 165 167 174 174 180 194 194 184 182 180 184 193 190 186 192 183 144 130 138 148 158 164 171 178 184 184 195 205 195 169 167 182 187 189 186 188 194 197 204 214 221 224 227 220 206 203 204 201 178 134 132 151 152 156 163 158 164 177 169 163 167 172 160 152 160 156 149 151 140 137 143 134 139 155 146 102 115 145
178 190 207 209 208 209 210 210 212 207 197 196 198 205 211 204 189 175 166 174 178 174 184 201 194 180 179 185 193 196 186 180 182 173 137 128 150 160 166 171 177 178 179 180 193 198 183 163 169 186 187 189 182 180 196 208 214 222 228 229 233 229 211 198 191 174 141 117 134 157 162 169 173 163 158 167 167 158 157 168 149 138 146 144 145 151 147 144 142 134 141 150 142 104 116 145
181 199 216 217 214 213 214 212 208 200 196 199 200 203 205 199 195 187 168 171 172 168 183 194 183 170 172 185 192 190 179 167 171 167 140 141 166 173 178 181 183 178 175 181 194 190 176 166 168 179 180 182 179 182 202 213 213 219 227 230 240 238 211 185 165 146 134 137 153 170 175 173 166 154 143 150 155 145 146 155 131 121 138 144 145 150 139 123 121 122 135 137 125 99 113 142
207 222 224 213 208 210 212 208 204 199 202 204 201 199 203 204 199 186 163 166 172 175 188 190 178 170 175 189 190 185 170 153 163 167 151 156 173 178 176 175 184 179 174 186 181 171 169 160 164 178 183 189 192 194 209 218 217 221 228 231 238 233 199 159 135 138 151 159 161 165 162 154 150 138 122 128 134 132 136 142 117 102 124 128 130 136 128 119 118 120 129 127 113 100 118 138
210 223 217 201 199 198 190 184 190 200 206 203 194 190 200 202 190 181 170 176 186 192 201 201 190 178 182 193 188 177 161 150 167 175 166 171 186 188 183 180 187 172 171 183 163 163 170 156 164 179 182 189 193 196 208 216 218 227 234 233 230 211 159 116 102 130 160 158 149 148 146 149 158 146 128 129 132 132 132 135 105 90 118 122 130 132 131 122 110 120 131 137 128 111 121 130
210 214 206 195 192 186 179 180 193 202 201 195 185 182 189 188 190 198 198 200 198 197 200 196 185 174 176 184 175 162 155 154 173 184 184 192 200 200 194 185 184 166 166 173 164 179 183 167 172 186 187 188 188 188 197 201 205 217 224 222 217 192 139 104 103 142 165 148 142 154 160 172 179 169 140 133 145 143 143 144 106 94 122 126 138 139 136 106 89 116 131 140 131 104 106 120
208 201 196 196 200 196 189 192 203 207 196 188 184 185 190 198 211 221 222 214 200 198 200 196 188 180 176 187 176 164 169 170 179 187 191 191 186 182 179 174 172 154 158 179 185 197 198 184 183 193 190 186 187 188 198 200 205 215 216 212 205 172 124 108 123 159 167 148 153 166 166 176 179 169 124 118 147 147 152 151 108 100 134 143 156 153 139 98 95 128 134 131 116 94 97 121
205 198 205 213 212 202 193 196 209 212 201 202 205 207 208 214 220 227 229 219 202 189 190 196 194 185 182 194 176 162 174 173 178 189 190 183 171 172 178 177 171 149 167 200 204 205 199 186 178 179 174 175 185 195 205 205 208 216 216 209 191 146 104 110 137 160 169 160 165 175 171 178 177 163 115 114 146 143 145 141 106 106 148 157 164 156 135 103 119 154 145 135 124 105 105 127
